@00
10001100000010010000000001100100
00000000000000000000000000000000
00000000000000000000000000000000
00000000000000000000000000000000 
00111100000000010000000000000000
00000000000000000000000000000000
00000000000000000000000000000000
00000000000000000000000000000000
00110100001000010000000001100100
00000000000000000000000000000000
00000000000000000000000000000000
00000000000000000000000000000000
00000001001000010101000000100001
00000000000000000000000000000000
00000000000000000000000000000000
00000000000000000000000000000000
10101100000010100000000000000000
00000000000000000000000000000000
00000000000000000000000000000000
00000000000000000000000000000000