@3000
341a0001
00000000
00000000
00000000
341b0004
00000000
00000000
00000000
341d0020
00000000
00000000
00000000
ac1d0000
00000000
00000000
00000000
0000b021
00000000
00000000
00000000
0000b821
00000000
00000000
00000000
34040f0f
00000000
00000000
00000000
34850080
00000000
00000000
00000000
34861111
00000000
00000000
00000000
34870040
00000000
00000000
00000000
afa50000
00000000
00000000
00000000
03bbe821
00000000
00000000
00000000
afa60000
00000000
00000000
00000000
037de821
00000000
00000000
00000000
afa70000
00000000
00000000
00000000
001b4821
00000000
00000000
00000000
013de821
00000000
00000000
00000000
8c080020
00000000
00000000
00000000
35094444
00000000
00000000
00000000
afa90000
00000000
00000000
00000000
03bbe821
00000000
00000000
00000000
0c000c67
00000000
00000000
00000000
02fab821
00000000
00000000
00000000
afa90000
00000000
00000000
00000000
03bbe821
00000000
00000000
00000000
01284821
00000000
00000000
00000000
01285021
00000000
00000000
00000000
01285821
00000000
00000000
00000000
afaa0000
00000000
00000000
00000000
03bbe821
00000000
00000000
00000000
afab0000
00000000
00000000
00000000
03bbe821
00000000
00000000
00000000
34090004
00000000
00000000
00000000
ad240000
00000000
00000000
00000000
ad250004
00000000
00000000
00000000
340a0008
00000000
00000000
00000000
8d490000
00000000
00000000
00000000
8d4b0000
00000000
00000000
00000000
afa90000
00000000
00000000
00000000
03bbe821
00000000
00000000
00000000
afab0000
00000000
00000000
00000000
03bbe821
00000000
00000000
00000000
8fa8fff4
00000000
00000000
00000000
11090002
00000000
00000000
00000000
02fab821
00000000
00000000
00000000
02dab021
00000000
00000000
00000000
8fa8fffc
00000000
00000000
00000000
11280002
00000000
00000000
00000000
02fab821
00000000
00000000
00000000
02dab021
00000000
00000000
00000000
00804021
00000000
00000000
00000000
00a04821
00000000
00000000
00000000
11280002
00000000
00000000
00000000
02fab821
00000000
00000000
00000000
02dab021
00000000
00000000
00000000
00c04021
00000000
00000000
00000000
00c04821
00000000
00000000
00000000
11090002
00000000
00000000
00000000
02fab821
00000000
00000000
00000000
02dab021
00000000
00000000
00000000
8fa8fffc
00000000
00000000
00000000
01084821
00000000
00000000
00000000
afa90000
00000000
00000000
00000000
03bbe821
00000000
00000000
00000000
8c080000
00000000
00000000
00000000
8d090000
00000000
00000000
00000000
afa90000
00000000
00000000
00000000
03bbe821
00000000
00000000
00000000
ac1d0000
00000000
00000000
00000000
03bbe821
00000000
00000000
00000000
8c080000
00000000
00000000
00000000
ad080000
00000000
00000000
00000000
0c000c6b
00000000
00000000
00000000
02fab821
00000000
00000000
00000000
001f4821
00000000
00000000
00000000
34080018
00000000
00000000
00000000
01284821
00000000
00000000
00000000
0000c821
00000000
00000000
00000000
0c000c71
00000000
00000000
00000000
02fab821
00000000
00000000
00000000
340800d4
00000000
00000000
00000000
03e84821
00000000
00000000
00000000
0c000c78
00000000
00000000
00000000
02fab821
00000000
00000000
00000000
34080050
00000000
00000000
00000000
03e84821
00000000
00000000
00000000
0c000c7e
00000000
00000000
00000000
02fab821
00000000
00000000
00000000
0c000c83
00000000
00000000
00000000
02fab821
00000000
00000000
00000000
0c000c88
00000000
00000000
00000000
02fab821
00000000
00000000
00000000
0c000c8b
00000000
00000000
00000000
02fab821
00000000
00000000
00000000
0c000c9c
00000000
00000000
00000000
02fab821
00000000
00000000
00000000
afb70000
00000000
00000000
00000000
03bbe821
00000000
00000000
00000000
afb60000
00000000
00000000
00000000
03bbe821
00000000
00000000
00000000
08000c64
00000000
00000000
00000000
0000c821
00000000
00000000
00000000
0000c821
00000000
00000000
00000000
37e90056
00000000
00000000
00000000
03e00008
00000000
00000000
00000000
02fab821
00000000
00000000
00000000
0000c821
00000000
00000000
00000000
8fe9cf00
00000000
00000000
00000000
afa90000
00000000
00000000
00000000
03bbe821
00000000
00000000
00000000
03e00008
00000000
00000000
00000000
02fab821
00000000
00000000
00000000
0000c821
00000000
00000000
00000000
0000c821
00000000
00000000
00000000
113f0002
00000000
00000000
00000000
02fab821
00000000
00000000
00000000
02dab021
00000000
00000000
00000000
03e00008
00000000
00000000
00000000
02fab821
00000000
00000000
00000000
0000c821
00000000
00000000
00000000
113f0002
00000000
00000000
00000000
02fab821
00000000
00000000
00000000
02dab021
00000000
00000000
00000000
03e00008
00000000
00000000
00000000
02fab821
00000000
00000000
00000000
0000c821
00000000
00000000
00000000
13e90002
00000000
00000000
00000000
02fab821
00000000
00000000
00000000
02dab021
00000000
00000000
00000000
03e00008
00000000
00000000
00000000
02fab821
00000000
00000000
00000000
03ff4021
00000000
00000000
00000000
afa80000
00000000
00000000
00000000
03bbe821
00000000
00000000
00000000
03e00008
00000000
00000000
00000000
02fab821
00000000
00000000
00000000
affdcea0
00000000
00000000
00000000
03e00008
00000000
00000000
00000000
02fab821
00000000
00000000
00000000
afbf0000
00000000
00000000
00000000
03bbe821
00000000
00000000
00000000
03fbf823
00000000
00000000
00000000
0c000c93
00000000
00000000
00000000
02fab821
00000000
00000000
00000000
8fbffff8
00000000
00000000
00000000
03e00008
00000000
00000000
00000000
02fab821
00000000
00000000
00000000
afbf0000
00000000
00000000
00000000
03bbe821
00000000
00000000
00000000
34080008
00000000
00000000
00000000
03e8f821
00000000
00000000
00000000
0000c821
00000000
00000000
00000000
0000c821
00000000
00000000
00000000
03e8f823
00000000
00000000
00000000
03e00008
00000000
00000000
00000000
02fab821
00000000
00000000
00000000
34083000
00000000
00000000
00000000
03e8f823
00000000
00000000
00000000
afbf0000
00000000
00000000
00000000
03bbe821
00000000
00000000
00000000
37ff3000
00000000
00000000
00000000
03e00008
00000000
00000000
00000000
02fab821
00000000
00000000
00000000
