@3000
34021234
00000000
00000000
00000000
3c039876
00000000
00000000
00000000
20443456
00000000
00000000
00000000
2465fc00
00000000
00000000
00000000
3846abcd
00000000
00000000
00000000
2c850034
00000000
00000000
00000000
2c45ffff
00000000
00000000
00000000
30c77654
00000000
00000000
00000000
28681234
00000000
00000000
00000000
00624023
00000000
00000000
00000000
01034826
00000000
00000000
00000000
01285021
00000000
00000000
00000000
01425020
00000000
00000000
00000000
01435822
00000000
00000000
00000000
016a6027
00000000
00000000
00000000
016a6825
00000000
00000000
00000000
016a7024
00000000
00000000
00000000
01ac982a
00000000
00000000
00000000
01aca02b
00000000
00000000
00000000
000840c0
00000000
00000000
00000000
00084c02
00000000
00000000
00000000
00085743
00000000
00000000
00000000
240b3410
00000000
00000000
00000000
01686004
00000000
00000000
00000000
01686806
00000000
00000000
00000000
01687007
00000000
00000000
00000000
00432021
00000000
00000000
00000000
201d0000
00000000
00000000
00000000
afa40000
00000000
00000000
00000000
afa40004
00000000
00000000
00000000
afa40008
00000000
00000000
00000000
a7a80004
00000000
00000000
00000000
a7a9000a
00000000
00000000
00000000
a3aa0007
00000000
00000000
00000000
a3a80009
00000000
00000000
00000000
a3a90008
00000000
00000000
00000000
8fa80000
00000000
00000000
00000000
00000000
00000000
00000000
00000000
00000000
00000000
00000000
00000000
afa8000c
00000000
00000000
00000000
87a90002
00000000
00000000
00000000
00000000
00000000
00000000
00000000
00000000
00000000
00000000
00000000
afa90010
00000000
00000000
00000000
97a90002
00000000
00000000
00000000
00000000
00000000
00000000
00000000
00000000
00000000
00000000
00000000
afa90014
00000000
00000000
00000000
83aa0003
00000000
00000000
00000000
00000000
00000000
00000000
00000000
00000000
00000000
00000000
00000000
afaa0018
00000000
00000000
00000000
93aa0003
00000000
00000000
00000000
00000000
00000000
00000000
00000000
00000000
00000000
00000000
00000000
afaa001c
00000000
00000000
00000000
93aa0001
00000000
00000000
00000000
00000000
00000000
00000000
00000000
00000000
00000000
00000000
00000000
afaa0020
00000000
00000000
00000000
201d0040
00000000
00000000
00000000
afa00000
00000000
00000000
00000000
00081024
00000000
00000000
00000000
00000000
00000000
00000000
00000000
00000000
00000000
00000000
00000000
15090002
00000000
00000000
00000000
00000000
00000000
00000000
00000000
24420001
00000000
00000000
00000000
1d000002
00000000
00000000
00000000
00000000
00000000
00000000
00000000
24420001
00000000
00000000
00000000
19000002
00000000
00000000
00000000
00000000
00000000
00000000
00000000
24420001
00000000
00000000
00000000
05200002
00000000
00000000
00000000
00000000
00000000
00000000
00000000
24420001
00000000
00000000
00000000
05010002
00000000
00000000
00000000
00000000
00000000
00000000
00000000
24420001
00000000
00000000
00000000
112a0002
00000000
00000000
00000000
00000000
00000000
00000000
00000000
24420001
00000000
00000000
00000000
afa20000
00000000
00000000
00000000
201d0040
00000000
00000000
00000000
8fa20000
00000000
00000000
00000000
08000c59
00000000
00000000
00000000
00000000
00000000
00000000
00000000
00481021
00000000
00000000
00000000
24420001
00000000
00000000
00000000
0c000cc6
00000000
00000000
00000000
00000000
00000000
00000000
00000000
00a22821
00000000
00000000
00000000
ac000060
00000000
00000000
00000000
ac010064
00000000
00000000
00000000
ac020068
00000000
00000000
00000000
ac03006c
00000000
00000000
00000000
ac040070
00000000
00000000
00000000
ac050074
00000000
00000000
00000000
ac060078
00000000
00000000
00000000
ac07007c
00000000
00000000
00000000
ac080080
00000000
00000000
00000000
ac090084
00000000
00000000
00000000
ac0a0088
00000000
00000000
00000000
ac0b008c
00000000
00000000
00000000
ac0c0090
00000000
00000000
00000000
ac0d0094
00000000
00000000
00000000
ac0e0098
00000000
00000000
00000000
ac0f009c
00000000
00000000
00000000
ac1000a0
00000000
00000000
00000000
ac1100a4
00000000
00000000
00000000
ac1200a8
00000000
00000000
00000000
ac1300ac
00000000
00000000
00000000
ac1400b0
00000000
00000000
00000000
ac1500b4
00000000
00000000
00000000
ac1600b8
00000000
00000000
00000000
ac1700bc
00000000
00000000
00000000
ac1800c0
00000000
00000000
00000000
ac1900c4
00000000
00000000
00000000
ac1a00c8
00000000
00000000
00000000
ac1b00cc
00000000
00000000
00000000
ac1c00d0
00000000
00000000
00000000
ac1d00d4
00000000
00000000
00000000
ac1e00d8
00000000
00000000
00000000
ac1f00dc
00000000
00000000
00000000
34070010
00000000
00000000
00000000
34020002
00000000
00000000
00000000
3c01ffff
00000000
00000000
00000000
3421ffe0
00000000
00000000
00000000
00011825
00000000
00000000
00000000
3c01ffff
00000000
00000000
00000000
3421fffe
00000000
00000000
00000000
00012025
00000000
00000000
00000000
00000000
00000000
00000000
00000000
00000000
00000000
00000000
00000000
00000000
00000000
00000000
00000000
00e30018
00000000
00000000
00000000
00002810
00000000
00000000
00000000
00003012
00000000
00000000
00000000
ac0500e0
00000000
00000000
00000000
ac0600e4
00000000
00000000
00000000
00640018
00000000
00000000
00000000
00002810
00000000
00000000
00000000
00003012
00000000
00000000
00000000
ac0500e8
00000000
00000000
00000000
ac0600ec
00000000
00000000
00000000
00e20018
00000000
00000000
00000000
00002810
00000000
00000000
00000000
00003012
00000000
00000000
00000000
ac0500f0
00000000
00000000
00000000
ac0600f4
00000000
00000000
00000000
00e20019
00000000
00000000
00000000
00002810
00000000
00000000
00000000
00003012
00000000
00000000
00000000
ac0500f8
00000000
00000000
00000000
ac0600fc
00000000
00000000
00000000
00e30019
00000000
00000000
00000000
00002810
00000000
00000000
00000000
00003012
00000000
00000000
00000000
ac050100
00000000
00000000
00000000
ac060104
00000000
00000000
00000000
00640019
00000000
00000000
00000000
00002810
00000000
00000000
00000000
00003012
00000000
00000000
00000000
ac050108
00000000
00000000
00000000
ac06010c
00000000
00000000
00000000
00e2001a
00000000
00000000
00000000
00002810
00000000
00000000
00000000
00003012
00000000
00000000
00000000
ac05010c
00000000
00000000
00000000
ac060110
00000000
00000000
00000000
00e4001a
00000000
00000000
00000000
00002810
00000000
00000000
00000000
00003012
00000000
00000000
00000000
ac050114
00000000
00000000
00000000
ac060118
00000000
00000000
00000000
0064001a
00000000
00000000
00000000
00002810
00000000
00000000
00000000
00003012
00000000
00000000
00000000
ac05011c
00000000
00000000
00000000
ac060120
00000000
00000000
00000000
00e2001b
00000000
00000000
00000000
00002810
00000000
00000000
00000000
00003012
00000000
00000000
00000000
ac050124
00000000
00000000
00000000
ac060128
00000000
00000000
00000000
00e4001b
00000000
00000000
00000000
00002810
00000000
00000000
00000000
00003012
00000000
00000000
00000000
ac05012c
00000000
00000000
00000000
ac060130
00000000
00000000
00000000
0064001b
00000000
00000000
00000000
00002810
00000000
00000000
00000000
00003012
00000000
00000000
00000000
ac0500d0
00000000
00000000
00000000
ac0600d4
00000000
00000000
00000000
08000cc4
00000000
00000000
00000000
00000000
00000000
00000000
00000000
201d0000
00000000
00000000
00000000
afbf0028
00000000
00000000
00000000
34425500
00000000
00000000
00000000
2009334c
00000000
00000000
00000000
00000000
00000000
00000000
00000000
0120f809
00000000
00000000
00000000
00000000
00000000
00000000
00000000
201d0040
00000000
00000000
00000000
afa20000
00000000
00000000
00000000
201d0000
00000000
00000000
00000000
8fbf0028
00000000
00000000
00000000
03e00008
00000000
00000000
00000000
00000000
00000000
00000000
00000000
201d0000
00000000
00000000
00000000
afbf002c
00000000
00000000
00000000
34420050
00000000
00000000
00000000
03e00008
00000000
00000000
00000000
00000000
00000000
00000000
00000000