@3000
0000e026
00000000
00000000
00000000
341a0001
00000000
00000000
00000000
341b0004
00000000
00000000
00000000
341d0020
00000000
00000000
00000000
ac1d0000
00000000
00000000
00000000
0000b021
00000000
00000000
00000000
0000b821
00000000
00000000
00000000
20040f0f
00000000
00000000
00000000
24850080
00000000
00000000
00000000
38868111
00000000
00000000
00000000
34870040
00000000
00000000
00000000
afa50000
00000000
00000000
00000000
03bbe821
00000000
00000000
00000000
a7a60002
00000000
00000000
00000000
037de821
00000000
00000000
00000000
a3a70003
00000000
00000000
00000000
001b4821
00000000
00000000
00000000
013de821
00000000
00000000
00000000
84080026
00000000
00000000
00000000
00084903
00000000
00000000
00000000
a3a90003
00000000
00000000
00000000
03bbe821
00000000
00000000
00000000
0c000c7a
00000000
00000000
00000000
02fab821
00000000
00000000
00000000
afa90000
00000000
00000000
00000000
03bbe821
00000000
00000000
00000000
01284821
00000000
00000000
00000000
01285023
00000000
00000000
00000000
01095806
00000000
00000000
00000000
a7aa0000
00000000
00000000
00000000
a3ab0005
00000000
00000000
00000000
03bbe821
00000000
00000000
00000000
03bbe820
00000000
00000000
00000000
34090004
00000000
00000000
00000000
ad240000
00000000
00000000
00000000
ad250004
00000000
00000000
00000000
340a0008
00000000
00000000
00000000
81490000
00000000
00000000
00000000
854bfffc
00000000
00000000
00000000
afa90000
00000000
00000000
00000000
03bbe821
00000000
00000000
00000000
afab0000
00000000
00000000
00000000
03bbe821
00000000
00000000
00000000
8fa8fff4
00000000
00000000
00000000
05010002
00000000
00000000
00000000
02fab821
00000000
00000000
00000000
02dab021
00000000
00000000
00000000
8fa8fffc
00000000
00000000
00000000
150b0002
00000000
00000000
00000000
02fab821
00000000
00000000
00000000
02dab021
00000000
00000000
00000000
00a04021
00000000
00000000
00000000
00804821
00000000
00000000
00000000
15280002
00000000
00000000
00000000
02fab821
00000000
00000000
00000000
02dab021
00000000
00000000
00000000
20c8fff6
00000000
00000000
00000000
01044804
00000000
00000000
00000000
05200002
00000000
00000000
00000000
02fab821
00000000
00000000
00000000
02dab021
00000000
00000000
00000000
8fa8fff8
00000000
00000000
00000000
01084806
00000000
00000000
00000000
afa90000
00000000
00000000
00000000
03bbe821
00000000
00000000
00000000
8c080000
00000000
00000000
00000000
8d090000
00000000
00000000
00000000
afa90000
00000000
00000000
00000000
03bbe821
00000000
00000000
00000000
ac1d0000
00000000
00000000
00000000
03bbe821
00000000
00000000
00000000
8c080000
00000000
00000000
00000000
ad080000
00000000
00000000
00000000
0c000c7e
00000000
00000000
00000000
02fab821
00000000
00000000
00000000
001f4821
00000000
00000000
00000000
24080018
00000000
00000000
00000000
01284821
00000000
00000000
00000000
0000c821
00000000
00000000
00000000
0c000c84
00000000
00000000
00000000
02fab821
00000000
00000000
00000000
340800d4
00000000
00000000
00000000
03e84821
00000000
00000000
00000000
0c000c8b
00000000
00000000
00000000
02fab821
00000000
00000000
00000000
20080050
00000000
00000000
00000000
03e84821
00000000
00000000
00000000
0c000c91
00000000
00000000
00000000
02fab821
00000000
00000000
00000000
0c000c96
00000000
00000000
00000000
02fab821
00000000
00000000
00000000
0c000c9b
00000000
00000000
00000000
02fab821
00000000
00000000
00000000
0c000c9e
00000000
00000000
00000000
02fab821
00000000
00000000
00000000
0c000caf
00000000
00000000
00000000
02fab821
00000000
00000000
00000000
200832d8
00000000
00000000
00000000
0100f809
00000000
00000000
00000000
02fab821
00000000
00000000
00000000
afa80000
00000000
00000000
00000000
03bbe821
00000000
00000000
00000000
8fa9fffc
00000000
00000000
00000000
0120f809
00000000
00000000
00000000
02fab821
00000000
00000000
00000000
8fa8fffc
00000000
00000000
00000000
8fa9fff8
00000000
00000000
00000000
01090018
00000000
00000000
00000000
00005012
00000000
00000000
00000000
0128001b
00000000
00000000
00000000
00005810
00000000
00000000
00000000
afaa0000
00000000
00000000
00000000
03bbe821
00000000
00000000
00000000
afab0000
00000000
00000000
00000000
03bbe821
00000000
00000000
00000000
afb70000
00000000
00000000
00000000
03bbe821
00000000
00000000
00000000
afb60000
00000000
00000000
00000000
03bbe821
00000000
00000000
00000000
08000c77
00000000
00000000
00000000
00000000
00000000
00000000
00000000
00000000
00000000
00000000
00000000
33e90056
00000000
00000000
00000000
03e00008
00000000
00000000
00000000
02fab821
00000000
00000000
00000000
0000c821
00000000
00000000
00000000
97e9cefe
00000000
00000000
00000000
afa90000
00000000
00000000
00000000
03bbe821
00000000
00000000
00000000
03e00008
00000000
00000000
00000000
02fab821
00000000
00000000
00000000
0000c821
00000000
00000000
00000000
0000c821
00000000
00000000
00000000
113f0002
00000000
00000000
00000000
02fab821
00000000
00000000
00000000
02dab021
00000000
00000000
00000000
03e00008
00000000
00000000
00000000
02fab821
00000000
00000000
00000000
0000c821
00000000
00000000
00000000
113f0002
00000000
00000000
00000000
02fab821
00000000
00000000
00000000
02dab021
00000000
00000000
00000000
03e00008
00000000
00000000
00000000
02fab821
00000000
00000000
00000000
0000c821
00000000
00000000
00000000
13e90002
00000000
00000000
00000000
02fab821
00000000
00000000
00000000
02dab021
00000000
00000000
00000000
03e00008
00000000
00000000
00000000
02fab821
00000000
00000000
00000000
03ff4021
00000000
00000000
00000000
afa80000
00000000
00000000
00000000
03bbe821
00000000
00000000
00000000
03e00008
00000000
00000000
00000000
02fab821
00000000
00000000
00000000
affdcea0
00000000
00000000
00000000
03e00008
00000000
00000000
00000000
02fab821
00000000
00000000
00000000
afbf0000
00000000
00000000
00000000
03bbe821
00000000
00000000
00000000
03fbf823
00000000
00000000
00000000
0c000ca6
00000000
00000000
00000000
02fab821
00000000
00000000
00000000
8fbffff8
00000000
00000000
00000000
03e00008
00000000
00000000
00000000
02fab821
00000000
00000000
00000000
afbf0000
00000000
00000000
00000000
03bbe821
00000000
00000000
00000000
34080008
00000000
00000000
00000000
03e8f821
00000000
00000000
00000000
0000c821
00000000
00000000
00000000
0000c821
00000000
00000000
00000000
03e8f823
00000000
00000000
00000000
03e00008
00000000
00000000
00000000
02fab821
00000000
00000000
00000000
34083000
00000000
00000000
00000000
03e8f823
00000000
00000000
00000000
afbf0000
00000000
00000000
00000000
03bbe821
00000000
00000000
00000000
37ff3000
00000000
00000000
00000000
03e00008
00000000
00000000
00000000
02fab821
00000000
00000000
00000000
afbf0000
00000000
00000000
00000000
03bbe821
00000000
00000000
00000000
03e00008
00000000
00000000
00000000
02fab821
00000000
00000000
00000000